100,4147312,1,0,0
100,4147316,2,0,0
100,4147481,4,0,0
100,4147240,5,0,0
100,4147300,6,0,0
100,4147314,7,0,0
100,4147479,8,0,0
100,4147202,9,0,0
100,4147295,10,0,0
100,4147348,11,0,0
100,4147307,12,0,0
100,4147362,13,0,0
100,4147435,14,0,0
100,4147241,15,0,0
100,4147379,16,0,0
100,4212965,17,0,0
100,4147285,18,0,0
100,4147353,19,0,0
100,4147220,20,0,0
100,4147275,21,1,1
101,4147275,1,0,0
101,4147215,2,0,0
101,4147298,3,0,0
101,4147169,4,0,0
101,4147407,5,0,0
101,4147272,6,0,0
101,4147410,7,0,0
101,4147354,8,0,0
101,4147339,9,0,0
101,4147192,10,0,0
101,4147399,11,0,0
101,4147462,12,0,0
101,4147366,13,0,0
101,4147316,14,0,0
101,4147312,15,1,0
101,4147286,16,1,0
101,4147277,17,1,0
101,4147291,18,1,0
101,4147309,19,1,0
101,4147441,20,1,0
101,4147456,21,1,0
101,4147465,22,1,0
101,4147239,23,1,0
101,4147242,24,1,0
101,4147419,25,1,0
101,4147429,26,1,1
200,4147316,1,0,0
200,4147268,2,0,0
200,4147312,3,0,0
200,4147344,4,0,0
200,4147200,5,0,0
200,4147477,6,0,0
200,4147263,7,0,0
200,4147271,8,0,0
200,4147394,9,0,0
200,4147182,10,0,0
200,4147412,11,0,0
200,4147378,12,0,0
200,4147167,13,0,0
200,4147214,14,0,0
200,4149113,15,0,0
200,4147376,16,0,0
200,4147177,17,0,0
200,4147405,18,0,0
200,4147465,19,0,0
200,4147239,20,0,0
200,4147242,21,0,0
200,4147419,22,0,0
200,4226660,23,0,0
200,4147429,24,0,0
200,4147466,25,0,0
200,4147327,26,0,0
200,4147301,27,0,0
200,4147442,28,0,0
200,4147389,29,0,0
200,4147372,30,0,0
200,4147333,31,0,0
200,4147229,32,0,0
200,4147359,33,0,0
200,4147247,34,0,0
200,4147424,35,0,0
200,4147219,36,0,0
200,4147349,37,0,0
200,4147191,38,0,0
200,4147299,39,0,0
200,4147468,40,0,0
200,4147347,41,0,0
200,4147296,42,0,0
200,4147392,43,0,0
200,4147290,44,0,0
200,4147463,45,0,0
200,4147251,46,0,0
200,4147329,47,0,0
200,4147284,48,0,0
200,4147294,49,0,0
200,4147397,50,0,0
200,4147345,51,0,0
200,4147486,52,0,0
200,4147275,53,1,1
201,4147168,1,0,0
201,4147443,2,0,0
201,4147234,3,0,0
201,4230501,4,0,0
201,4147269,5,0,0
201,4147262,6,0,0
201,4147292,7,0,0
201,4147446,8,0,0
201,4147232,9,0,0
201,4147323,10,0,0
201,4147164,11,0,0
201,4147396,12,0,0
201,4147253,13,0,0
201,4147360,14,0,0
201,4147243,15,0,0
201,4147340,16,0,0
201,4147440,17,0,0
201,4147423,18,0,0
201,4147160,19,0,0
201,4147163,20,0,0
201,4147297,21,0,0
201,4147280,22,0,0
201,4147180,23,0,0
201,4147390,24,0,0
201,4147415,25,0,0
201,4147384,26,0,0
201,4147393,27,0,0
201,4147286,28,0,0
201,4226659,29,0,0
201,4147277,30,0,0
201,4147291,31,0,0
201,4147309,32,0,0
201,4147441,33,0,0
201,4147456,34,0,0
201,4147319,35,0,0
201,4147351,36,0,0
201,4147201,37,0,0
201,4147203,38,0,0
201,4147371,39,0,0
201,4147404,40,0,0
201,4147188,41,0,0
201,4147395,42,0,0
201,4147223,43,0,0
201,4147274,44,0,0
201,4147288,45,0,0
201,4213089,46,0,0
201,4147308,47,0,0
201,4147373,48,0,0
201,4147334,49,0,0
201,4147226,50,0,0
201,4147344,51,0,0
201,4147312,52,0,0
201,4147375,53,0,0
201,4147316,54,1,1
300,4147316,1,0,0
300,4147312,2,0,0
300,4147481,3,0,0
300,4251879,4,0,0
300,4254469,5,0,0
300,4254480,6,0,0
300,4251877,7,0,0
300,4254478,8,0,0
300,4251875,9,0,0
300,4251882,10,0,0
300,4254477,11,0,0
300,4212994,12,0,0
300,4147489,13,0,0
300,4212991,14,0,0
300,4212987,15,0,0
300,4212988,16,0,0
300,4212989,17,0,0
300,4255682,18,0,0
300,4255685,19,0,0
300,4147448,20,0,0
300,4147198,21,0,0
300,4213090,22,0,0
300,4213091,23,0,0
300,4213092,24,0,0
300,4213093,25,0,0
300,4213094,26,0,0
300,4213095,27,0,0
300,4213096,28,0,0
300,4147175,29,0,0
300,4213097,30,0,0
300,4147313,31,0,0
300,4147248,32,0,0
300,4147281,33,0,0
300,4147413,34,0,0
300,4147487,35,0,0
300,4147457,36,0,0
300,4147279,37,0,0
300,4147377,38,0,0
300,4147168,39,1,1
301,4147275,1,0,0
301,4147444,2,0,0
301,4147401,3,0,0
301,4147211,4,0,0
301,4147331,5,0,0
301,4147233,6,0,0
301,4147365,7,0,0
301,4147278,8,0,0
301,4147227,9,0,0
301,4213098,10,0,0
301,4147187,11,0,0
301,4147265,12,0,0
301,4213099,13,0,0
301,4213101,14,0,0
301,4213102,15,0,0
301,4213103,16,0,0
301,4147386,17,0,0
301,4147303,18,0,0
301,4147324,19,0,0
301,4255681,20,0,0
301,4255682,21,0,0
301,4212984,22,0,0
301,4212985,23,0,0
301,4212986,24,0,0
301,4212990,25,0,0
301,4212992,26,0,0
301,4212993,27,0,0
301,4212995,28,0,0
301,4251874,29,0,0
301,4251876,30,0,0
301,4254479,31,0,0
301,4254467,32,0,0
301,4251878,33,0,0
301,4147462,34,0,0
301,4147366,35,0,0
301,4147316,36,1,1
400,4147275,1,0,0
400,4147444,2,0,0
400,4147401,3,0,0
400,4147211,4,0,0
400,4212978,5,0,0
400,4147460,6,0,0
400,4213116,7,0,0
400,4149190,8,0,0
400,4212940,9,0,0
400,4147387,10,0,0
400,4212941,11,0,0
400,4147439,12,0,0
400,4147383,13,0,0
400,4147471,14,0,0
400,4212942,15,0,0
400,4212944,16,0,0
400,4147386,17,0,0
400,4147322,18,0,0
400,4213131,19,0,0
400,4213132,20,0,0
400,4147400,21,0,0
400,4147475,22,0,0
400,4213118,23,0,0
400,4147316,24,1,1
500,4147475,1,0,0
500,4147210,2,0,0
500,4147448,3,0,0
500,4147244,4,0,0
500,4147198,5,0,0
500,4252013,6,0,0
500,4213130,7,0,0
500,4147482,8,0,0
500,4230463,9,0,0
500,4147310,10,0,0
500,4212991,11,0,0
500,4213138,12,0,0
500,4213139,13,0,0
500,4213140,14,0,0
500,4251880,15,0,0
500,4230462,16,0,0
500,4147326,17,0,0
500,4147302,18,0,0
500,4213143,19,0,0
500,4213124,20,0,0
500,4213125,21,0,0
500,4213146,22,0,0
500,4213147,23,0,0
500,4213148,24,0,0
500,4147337,25,0,0
500,4213150,26,0,0
500,4213151,27,0,0
500,4213152,28,0,0
500,4213153,29,0,0
500,4147168,30,1,1
501,4147168,1,0,0
501,4212965,2,0,0
501,4213119,3,0,0
501,4147259,4,0,0
501,4213120,5,0,0
501,4147337,6,0,0
501,4213121,7,0,0
501,4213122,8,0,0
501,4213123,9,0,0
501,4213124,10,0,0
501,4213125,11,0,0
501,4213126,12,0,0
501,4147302,13,0,0
501,4147326,14,0,0
501,4212997,15,0,0
501,4212996,16,0,0
501,4213127,17,0,0
501,4213128,18,0,0
501,4213129,19,0,0
501,4212992,20,0,0
501,4147310,21,0,0
501,4213090,22,0,0
501,4213091,23,0,0
501,4213130,24,0,0
501,4147482,25,0,0
501,4230463,26,0,0
501,4252012,27,0,0
501,4147386,28,0,0
501,4147484,29,0,0
501,4147303,30,0,0
501,4213104,31,0,0
501,4147403,32,0,0
501,4147183,33,0,0
501,4147449,34,0,0
501,4212946,35,0,0
501,4147388,36,0,0
501,4147322,37,0,0
501,4213131,38,0,0
501,4213132,39,0,0
501,4147400,40,0,0
501,4213118,41,0,0
501,4147475,42,1,1
501,4147198,43,1,1
900,4147466,1,0,0
900,4230461,2,0,0
900,4212968,3,0,0
900,4147238,4,0,0
900,4213171,5,0,0
900,4213172,6,0,0
900,4147222,7,0,0
900,4147235,8,0,0
900,4147217,9,0,0
900,4147411,10,0,0
900,4147206,11,0,0
900,4147330,12,0,0
900,4147428,13,0,0
900,4147420,14,0,0
900,4147414,15,0,0
900,4147416,16,0,0
900,4147336,17,0,0
900,4147453,18,0,0
900,4213173,19,0,0
900,4147474,20,0,0
900,4147437,21,0,0
900,4147485,22,0,0
900,4147216,23,0,0
900,4147199,24,0,0
900,4147358,25,0,0
900,4147427,26,0,0
900,4147224,27,0,0
900,4212966,28,0,0
900,4212967,29,0,0
900,4147171,30,0,0
900,4147255,31,0,0
900,4147317,32,0,0
900,4147369,33,0,0
900,4147483,34,0,0
900,4147436,35,0,0
900,4147230,36,0,0
900,4147316,37,0,0
900,4147312,38,0,0
900,4147200,39,0,0
900,4147393,40,1,1
900,4255521,41,0,0
900,4255522,42,0,0
900,4255523,43,0,0
900,4255524,44,0,0
900,4255525,45,0,0
900,4255526,46,0,0
900,4255527,47,0,0
900,4255528,48,0,0
900,4255573,49,0,0
900,4255529,50,0,0
900,4255530,51,0,0
900,4255531,52,0,0
900,4255532,53,0,0
900,4255533,54,0,0
900,4255534,55,0,0
900,4255568,56,0,0
900,4255535,57,0,0
900,4255536,58,0,0
900,4255538,59,0,0
900,4255539,60,0,0
900,4255540,61,0,0
900,4255541,62,0,0
900,4255542,63,0,0
900,4255543,64,0,0
900,4255544,65,0,0
900,4255545,66,0,0
900,4255546,67,0,0
900,4255547,68,0,0
900,4255548,69,0,0
900,4255549,70,0,0
900,4255550,71,0,0
900,4255551,72,0,0
900,4255552,73,0,0
900,4255553,74,0,0
900,4255554,75,0,0
900,4255555,76,0,0
900,4255556,77,0,0
900,4255557,78,0,0
900,4255558,79,0,0
900,4260692,80,0,0
900,4147189,81,0,0
900,4255560,82,0,0
900,4255561,83,0,0
900,4255562,84,0,0
900,4255563,85,0,0
900,4255564,86,0,0
900,4255565,87,0,0
900,4255566,88,0,0
900,4255567,89,0,0
900,4255559,90,0,0
900,4147334,91,0,0
900,4147444,92,1,1
900,4255570,93,0,0
1000,4147275,1,0,0
1000,4147444,2,0,0
1000,4147401,3,0,0
1000,4147211,4,0,0
1000,4147331,5,0,0
1000,4147233,6,0,0
1000,4147365,7,0,0
1000,4147278,8,0,0
1000,4147227,9,0,0
1000,4213098,10,0,0
1000,4147187,11,0,0
1000,4147265,12,0,0
1000,4213099,13,0,0
1000,4213101,14,0,0
1000,4213102,15,0,0
1000,4213103,16,0,0
1000,4147386,17,0,0
1000,4147303,18,0,0
1000,4213104,19,0,0
1000,4147403,20,0,0
1000,4213166,21,0,0
1000,4213167,22,0,0
1000,4147198,23,0,0
1000,4147316,24,0,0
1000,4255671,25,0,0
1000,4254550,26,0,0
1000,4147408,27,0,0
1000,4147467,28,0,0
1000,4147190,29,0,0
1000,4147473,30,0,0
1000,4251883,31,0,0
1000,4254552,32,0,0
1000,4254542,33,0,0
1000,4254541,34,0,0
1000,4254539,35,0,0
1000,4254545,36,0,0
1000,4255673,37,0,0
1000,4213164,38,0,0
1000,4254548,39,0,0
1000,4253373,40,0,0
1000,4255670,41,0,0
1000,4255669,42,0,0
1000,4255668,43,0,0
1000,4258863,44,0,0
1000,4258857,45,0,0
1000,4258864,46,0,0
1000,4254546,47,0,0
1000,4213155,48,0,0
1000,4213158,49,0,0
1000,4213157,50,0,0
1000,4255667,51,0,0
1000,4255672,52,0,0
1000,4213163,53,0,0
1000,4254538,54,0,0
1000,4254544,55,0,0
1000,4254540,56,0,0
1000,4254543,57,0,0
1000,4147258,58,0,0
1000,4147252,59,0,0
1000,4147422,60,0,0
1000,4147178,61,0,0
1000,4147195,62,0,0
1000,4147282,63,0,0
1000,4254551,64,0,0
1000,4212988,65,0,0
1000,4213090,66,0,0
1000,4213091,67,0,0
1000,4213092,68,0,0
1000,4213093,69,0,0
1000,4213094,70,0,0
1000,4213095,71,0,0
1000,4213096,72,0,0
1000,4147175,73,0,0
1000,4213097,74,0,0
1000,4147313,75,0,0
1000,4147248,76,0,0
1000,4147281,77,0,0
1000,4147413,78,0,0
1000,4147487,79,0,0
1000,4147457,80,0,0
1000,4147279,81,0,0
1000,4147377,82,0,0
1000,4147168,83,1,1
1000,4147448,84,0,0
1000,4147244,85,0,0
1100,4147316,1,0,0
1100,4212948,2,0,0
1100,4259142,3,0,0
1100,4147450,4,0,0
1100,4147270,5,0,0
1100,4147409,6,0,0
1100,4147266,7,0,0
1100,4147221,8,0,0
1100,4147470,9,0,0
1100,4147250,10,0,0
1100,4147170,11,0,0
1100,4147293,12,0,0
1100,4147325,13,0,0
1100,4147343,14,0,0
1100,4147472,15,0,0
1100,4213176,16,0,0
1100,4230454,17,0,0
1100,4259946,18,0,0
1100,4230452,19,0,0
1100,4247547,20,0,0
1100,4147363,21,0,0
1100,4147256,22,0,0
1100,4147261,23,0,0
1100,4147374,24,0,0
1100,4147406,25,0,0
1100,4230453,26,0,0
1100,4230455,27,0,0
1100,4147412,28,0,0
1100,4147378,29,0,0
1100,4147167,30,0,0
1100,4147214,31,0,0
1100,4149113,32,0,0
1100,4213174,33,0,0
1100,4213175,34,0,0
1100,4147276,35,0,0
1100,4230451,36,0,0
1100,4258810,37,0,0
1100,4230450,38,0,0
1100,4259141,39,0,0
1100,4230504,40,0,0
2300,4147316,1,0,0
2300,4147312,2,0,0
2300,4212951,3,0,0
2300,4212948,4,0,0
2300,4212947,5,0,0
2300,4147398,6,0,0
2300,4147321,7,0,0
2300,4147476,8,0,0
2300,4147433,9,0,0
2300,4147421,10,0,0
2300,4147382,11,0,0
2300,4147408,12,0,0
2300,4147467,13,0,0
2300,4147190,14,0,0
2300,4147473,15,0,0
2300,4255678,16,0,0
2300,4147258,17,0,0
2300,4147304,18,0,0
2300,4147252,19,0,0
2300,4147287,20,0,0
2300,4147246,21,0,0
2300,4147183,22,0,0
2300,4147449,23,0,0
2300,4212946,24,0,0
2300,4147388,25,0,0
2300,4230502,26,0,0
2300,4147364,27,0,0
2300,4213131,28,0,0
2300,4213132,29,0,0
2300,4147400,30,0,0
2300,4147475,31,0,0
2300,4212953,32,0,0
2300,4147273,33,0,0
2300,4147249,34,0,0
2300,4147311,35,0,0
2300,4212954,36,0,0
2300,4147328,37,0,0
2300,4212955,38,0,0
2300,4212958,39,0,0
2300,4212959,40,0,0
2300,4212960,41,0,0
2300,4212961,42,0,0
2300,4212962,43,0,0
2300,4212963,44,0,0
2300,4147377,45,0,0
2300,4147168,46,1,1
2301,4147168,1,0,0
2301,4216761,2,0,0
2301,4147275,3,0,0
2301,4212936,4,0,0
2301,4212937,5,0,0
2301,4212938,6,0,0
2301,4213116,7,0,0
2301,4149190,8,0,0
2301,4212940,9,0,0
2301,4147387,10,0,0
2301,4212941,11,0,0
2301,4147439,12,0,0
2301,4147383,13,0,0
2301,4147471,14,0,0
2301,4212942,15,0,0
2301,4212944,16,0,0
2301,4147469,17,0,0
2301,4147488,18,0,0
2301,4147461,19,0,0
2301,4212952,20,0,0
2301,4147228,21,0,0
2301,4147431,22,0,0
2301,4147185,23,0,0
2301,4147207,24,0,0
2301,4255677,25,0,0
2301,4147258,26,0,0
2301,4147304,27,0,0
2301,4147252,28,0,0
2301,4147422,29,0,0
2301,4147178,30,0,0
2301,4147195,31,0,0
2301,4147282,32,0,0
2301,4147165,33,0,0
2301,4147264,34,0,0
2301,4147458,35,0,0
2301,4147320,36,0,0
2301,4147350,37,0,0
2301,4147338,38,0,0
2301,4230504,39,0,0
2301,4212949,40,0,0
2301,4212950,41,0,0
2301,4147316,42,1,1
2000700,4259932,1,0,0
2000700,4147401,2,0,0
2000700,4147211,3,0,0
2000700,4212978,4,0,0
2000700,4147460,5,0,0
2000700,4212977,6,0,0
2000700,4255676,7,0,0
2000700,4255654,8,0,0
2000700,4255607,9,0,0
2000700,4255608,10,0,0
2000700,4255652,11,0,0
2000700,4255650,12,0,0
2000700,4255649,13,0,0
2000700,4255648,14,0,0
2000700,4255647,15,0,0
2000700,4255646,16,0,0
2000700,4255609,17,0,0
2000700,4255610,18,0,0
2000700,4255611,19,0,0
2000700,4255612,20,0,0
2000700,4255613,21,0,0
2000700,4255614,22,0,0
2000700,4147267,23,0,0
2000700,4147289,24,0,0
2000700,4147196,25,0,0
2000700,4147181,26,0,0
2000700,4147236,27,0,0
2000700,4147370,28,0,0
2000700,4147454,29,0,0
2000700,4147381,30,0,0
2000700,4147356,31,0,0
2000700,4147355,32,0,0
2000700,4147186,33,0,0
2000700,4147205,34,0,0
2000700,4147452,35,0,0
2000700,4147430,36,0,0
2000700,4147432,37,0,0
2000700,4147438,38,0,0
2000700,4147283,39,0,0
2000700,4147459,40,0,0
2000700,4147402,41,0,0
2000700,4147218,42,0,0
2000700,4212973,43,0,0
2000700,4212972,44,0,0
2000700,4147315,45,0,0
2000700,4255621,46,0,0
2000700,4255615,47,0,0
2000700,4255616,48,0,0
2000700,4255617,49,0,0
2000700,4255618,50,0,0
2000700,4147209,51,0,0
2000700,4147166,52,0,0
2000700,4212974,53,0,0
2000700,4147212,54,0,0
2000700,4147245,55,0,0
2000700,4147204,56,0,0
2000700,4147194,57,0,0
2000700,4147335,58,0,0
2000700,4147346,59,0,0
2000700,4147445,60,0,0
2000700,4147332,61,0,0
2000700,4147357,62,0,0
2000700,4147172,63,0,0
2000700,4147455,64,0,0
2000700,4212975,65,0,0
2000700,4212976,66,0,0
2000700,4147352,67,0,0
2000700,4147213,68,0,0
2000700,4147184,69,0,0
2000700,4212969,70,0,0
2000700,4212970,71,0,0
2000700,4212971,72,0,0
2000700,4147174,73,0,0
2000700,4147305,74,0,0
2000700,4147426,75,0,0
2000700,4147162,76,0,0
2000700,4147457,77,0,0
2000700,4147279,78,0,0
11000700,4259932,1,0,0
11000700,4147401,2,0,0
11000700,4147211,3,0,0
11000700,4212978,4,0,0
11000700,4147460,5,0,0
11000700,4212977,6,0,0
11000700,4255674,7,0,0
11000700,4212969,8,0,0
11000700,4212970,9,0,0
11000700,4212971,10,0,0
11000700,4255619,11,0,0
11000700,4255620,12,0,0
11000700,4147174,13,0,0
11000700,4147267,14,0,0
11000700,4147289,15,0,0
11000700,4147196,16,0,0
11000700,4147181,17,0,0
11000700,4147236,18,0,0
11000700,4147370,19,0,0
11000700,4147454,20,0,0
11000700,4147381,21,0,0
11000700,4147356,22,0,0
11000700,4147355,23,0,0
11000700,4147186,24,0,0
11000700,4147205,25,0,0
11000700,4147452,26,0,0
11000700,4147430,27,0,0
11000700,4147432,28,0,0
11000700,4147438,29,0,0
11000700,4147283,30,0,0
11000700,4147459,31,0,0
11000700,4147402,32,0,0
11000700,4147218,33,0,0
11000700,4212973,34,0,0
11000700,4212972,35,0,0
11000700,4147315,36,0,0
11000700,4147305,37,0,0
11000700,4255623,38,0,0
11000700,4255622,39,0,0
11000700,4255624,40,0,0
11000700,4255625,41,0,0
11000700,4255626,42,0,0
11000700,4255627,43,0,0
11000700,4255628,44,0,0
11000700,4255629,45,0,0
11000700,4255630,46,0,0
11000700,4255631,47,0,0
11000700,4255632,48,0,0
11000700,4255633,49,0,0
11000700,4255634,50,0,0
11000700,4255635,51,0,0
11000700,4255636,52,0,0
11000700,4255637,53,0,0
11000700,4255638,54,0,0
11000700,4255639,55,0,0
11000700,4255675,56,0,0
11000700,4255640,57,0,0
11000700,4255641,58,0,0
11000700,4255642,59,0,0
11000700,4255643,60,0,0
11000700,4255644,61,0,0
11000700,4255612,62,0,0
11000700,4255645,63,0,0
11000700,4255610,64,0,0
11000700,4147209,65,0,0
11000700,4147166,66,0,0
11000700,4212974,67,0,0
11000700,4147212,68,0,0
11000700,4147245,69,0,0
11000700,4147204,70,0,0
11000700,4147194,71,0,0
11000700,4147335,72,0,0
11000700,4147346,73,0,0
11000700,4147445,74,0,0
11000700,4147332,75,0,0
11000700,4147357,76,0,0
11000700,4147172,77,0,0
11000700,4147455,78,0,0
11000700,4212975,79,0,0
11000700,4212976,80,0,0
11000700,4147352,81,0,0
11000700,4243814,82,0,0
11000700,4255608,83,0,0
11000700,4255653,84,0,0
11000700,4255606,85,0,0
11000700,4147213,86,0,0
11000700,4147184,87,0,0
11000700,4147426,88,0,0
11000700,4147162,89,0,0
11000700,4147457,90,0,0
11000700,4147279,91,0,0
11000700,4147316,92,1,1
