201,'31',645,,389,1,,,0,70,,398,1,,,0,30,,390,1,,,0,70,,399,1,,,0,30,,391,1,,,0,100,,392,1,,,0,100,,393,1,,,0,100,,394,1,,,0,100,,395,1,,,0,100,,396,1,,,0,100,,397,1,,,0,100,,400,1,,,0,70,,401,1,,,0,30,,402,1,,,0,70,,403,1,,,0,30,,404,1,,,0,100,,405,1,,,0
201,'32',645,,406,1,,,0,100,,407,1,,,0,100,,408,1,,,0,100,,415,1,,,0,100,,411,1,,,0,100,,412,1,,,0,100,,416,1,,,0,100,,413,1,,,0,100,,414,1,,,0,100,,417,1,,,0,100,,409,1,,,0,100,,410,1,,,0
300,'31',740,,423,38,4,,0,70,,428,38,4,,0,30,,424,38,4,,0,70,,429,38,4,,0,30,,422,38,4,,0,100,,425,38,4,,0,100,,426,38,4,,0,100,,427,38,4,,0,100,,432,38,4,,0,100,,433,38,4,,0,100,,418,38,4,,0,100,,419,38,4,,0,70,,430,38,4,,0,30,,420,38,4,,0,70,,431,38,4,,0,30,,421,38,4,,0
300,'32',740,,439,38,4,,0,100,,440,38,4,,0,100,,446,38,4,,0,100,,449,38,4,,0,100,,450,38,4,,0,100,,447,38,4,,0,100,,441,38,4,,0,100,,442,38,4,,0,100,,448,38,4,,0,100,,443,38,4,,0,100,,444,38,4,,0,100,,445,38,4,,0
500,'31',1100,,490,30,4,,0,200,,491,30,4,,0,200,,492,30,4,,0
501,'31',930,,494,1,,,0,200,,495,1,,,0,200,,496,1,,,0,200,,493,1,0,13 14 12,0
1000,'31',1215,,517,68,4,,0,100,,518,68,4,,0
2300,'31',745,,550,37,4,,0,70,,554,37,4,,0,30,,551,37,4,,0,70,,555,37,4,,0,30,,542,37,4,,0,100,,543,37,4,,0,100,,552,37,4,,0,100,,553,37,4,,0,100,,544,37,4,,0,100,,545,37,4,,0,100,,546,37,4,,0,100,,547,37,4,,0,70,,556,37,4,,0,30,,548,37,4,,0,70,,557,37,4,,0,30,,549,37,4,,0
2300,'32',745,,568,42,4,,0,100,,569,42,4,,0,100,,567,39,4,,0,100,,563,42,4,,0,100,,564,39,4,,0,100,,565,42,4,,0,100,,570,39,4,,0,100,,571,42,4,,0,100,,566,39,4,,0,100,,573,42,4,,0,100,,574,42,4,,0,100,,572,39,4,,0
2301,'31',645,,582,1,,,0,70,,586,1,,,0,30,,583,1,,,0,70,,587,1,,,0,30,,575,1,,,0,100,,576,1,,,0,100,,577,1,,,0,100,,578,1,,,0,100,,579,1,,,0,100,,580,1,,,0,100,,581,1,,,0,100,,588,1,,,0,70,,589,1,,,0,30,,584,1,,,0,70,,590,1,,,0,30,,585,1,,,0,100,,591,1,,,0
2301,'32',645,,597,1,,,0,100,,598,1,,,0,100,,599,1,,,0,100,,600,1,,,0,100,,593,1,,,0,100,,594,1,,,0,100,,595,1,,,0,100,,601,1,,,0,100,,602,1,,,0,100,,596,1,,,0,100,,603,1,,,0,100,,604,1,,,0
