100,'31',946,,10,2,0,11 12,0,100,,11,2,0,11 12,0,300,,61,2,0,11 12,0,205,,3,2,0,11 12,0,159,,63,1,0,5,0,191,,14,2,0,11 12,0,15,,18,2,0,11 12,0,15,,15,2,0,11 12,0,15,,19,2,0,11 12,0,55,,16,2,0,11 12,0,15,,20,2,0,11 12,0,15,,17,2,0,11 12,0,15,,21,2,0,11 12,0,70,,1,2,0,11 12,0,30,,2,2,0,11 12,0,65,,9,2,0,11 12,0
100,'32',746,,68,2,0,11 12,0,100,,112,2,0,11 12,0,200,,120,2,0,11 12,0,94,,106,1,0,8 9 10,0,7,,106,3,4,,0,8,,107,1,0,8 9 10,0,47,,107,3,4,,0,8,,108,1,0,8 9 10,0,7,,108,3,4,,0,8,,109,1,0,8 9 10,0,7,,109,3,4,,0,8,,121,1,0,5,0,6,,96,2,0,11 12,0,79,,122,1,0,8 9 10,0,7,,122,3,4,,0,8,,123,1,0,8 9 10,0,7,,123,3,4,,0,8,,124,1,0,8 9 10,0,47,,124,3,4,,0,8,,125,1,0,5,0,15,,126,1,0,8 9 10,0,7,,126,3,4,,0,8,,127,1,0,5,0,15,,128,1,0,8 9 10,0,47,,128,3,4,,0,8,,129,1,0,5,0,45,,130,1,0,8 9 10,0,47,,130,3,4,,0,8,,131,1,0,8 9 10,0,7,,131,3,4,,0,8,,132,1,0,8 9 10,0,7,,132,3,4,,0,8,,133,1,0,8 9 10,0,7,,133,3,4,,0,8,,134,1,0,8 9 10,0,47,,134,3,4,,0,8,,105,1,0,5,0,15,,135,1,0,8 9 10,0,7,,135,3,4,,0,8,,136,1,0,8 9 10,0,7,,136,3,4,,0,8,,137,1,0,8 9 10,0,47,,137,3,4,,0,44,,87,2,0,11 12,0,55,,114,2,0,11 12,0,15,,72,2,0,11 12,0,15,,115,2,0,11 12,0,15,,73,2,0,11 12,0,55,,116,2,0,11 12,0,15,,74,2,0,11 12,0,15,,117,2,0,11 12,0,15,,75,2,0,11 12,0,55,,118,2,0,11 12,0,15,,76,2,0,11 12,0,30,,77,2,0,11 12,0,65,,79,2,0,11 12,0
100,'64',1001,,144,2,0,11 12,0,15,,140,2,0,11 12,0,15,,145,2,0,11 12,0,15,,141,2,0,11 12,0,55,,146,2,0,11 12,0,15,,142,2,0,11 12,0,15,,147,2,0,11 12,0,15,,143,2,0,11 12,0,55,,148,2,0,11 12,0,9,,177,1,0,8 9 10,0,7,,177,3,4,,0,8,,178,1,0,8 9 10,0,7,,178,3,4,,0,8,,179,1,0,8 9 10,0,7,,179,3,4,,0,8,,180,1,0,8 9 10,0,47,,180,3,4,,0,8,,181,1,0,8 9 10,0,7,,181,3,4,,0,8,,182,1,0,8 9 10,0,7,,182,3,4,,0,8,,176,1,0,5,0,6,,184,2,0,11 12,0,55,,160,2,0,11 12,0,24,,183,1,0,5,0,6,,185,2,0,11 12,0,15,,152,2,0,11 12,0,55,,161,2,0,11 12,0,15,,153,2,0,11 12,0,24,,159,1,0,5,0,15,,163,1,0,8 9 10,0,47,,163,3,4,,0,8,,164,1,0,5,0,15,,162,1,0,5,0,15,,166,1,0,8 9 10,0,7,,166,3,4,,0,8,,167,1,0,5,0,55,,187,1,0,8 9 10,0,7,,187,3,4,,0,8,,188,1,0,8 9 10,0,7,,188,3,4,,0,8,,189,1,0,8 9 10,0,7,,189,3,4,,0,8,,186,1,0,5,0,46,,168,2,0,11 12,0
101,'31',621,,257,15,4,,0,20,,256,15,4,,0
101,'32',1147,,312,2,4,,0,170,,313,2,4,,0,100,,314,2,4,,0,30,,315,2,4,,0,100,,316,2,4,,0,170,,317,2,4,,0
101,'64',1417,,344,2,4,,0,115,,345,2,4,,0,15,,341,2,4,,0,70,,346,2,4,,0,15,,342,2,4,,0,70,,347,2,4,,0
200,'31',717,,356,3,,,0,30,,365,3,,,0,70,,357,3,,,0,30,,366,3,,,0,70,,358,3,,,0,100,,359,3,,,0,100,,360,3,,,0,100,,361,3,,,0,100,,362,3,,,0,100,,363,3,,,0,100,,364,3,,,0,100,,367,3,,,0,30,,368,3,,,0,70,,369,3,,,0,30,,370,3,,,0,70,,371,3,,,0,99,,372,3,0,15 16 17,0,30,,375,3,0,15 16 17,0,70,,376,3,0,15 16 17,0,30,,373,3,0,15 16 17,0,85,,374,3,0,15 16 17,0
200,'32',717,,377,3,,,0,100,,378,3,,,0,100,,388,3,,,0,100,,384,3,,,0,100,,385,3,,,0,100,,386,3,,,0,100,,379,3,,,0,100,,380,3,,,0,100,,387,3,,,0,100,,381,3,,,0,100,,382,3,,,0,100,,383,3,,,0
201,'31',710,,389,51,,,0,30,,398,51,,,0,70,,390,51,,,0,30,,399,51,,,0,70,,391,51,,,0,100,,392,48,,,0,100,,393,48,,,0,100,,394,48,,,0,100,,395,48,,,0,100,,396,48,,,0,100,,397,48,,,0,100,,400,51,,,0,30,,401,51,,,0,70,,402,51,,,0,30,,403,51,,,0,70,,404,51,,,0,100,,405,51,,,0
201,'32',710,,406,51,,,0,100,,407,51,,,0,100,,408,51,,,0,100,,415,51,,,0,100,,411,51,,,0,100,,412,51,,,0,100,,416,51,,,0,100,,413,51,,,0,100,,414,51,,,0,100,,417,51,,,0,100,,409,51,,,0,100,,410,51,,,0
300,'31',1916,,434,2,0,15 16 17,0,30,,437,2,0,15 16 17,0,70,,438,2,0,15 16 17,0,30,,435,2,0,15 16 17,0,85,,436,2,0,15 16 17,0
900,'31',1916,,511,2,0,6,0,200,,509,2,0,6,0
2300,'31',1916,,558,2,0,15 16 17,0,30,,561,2,0,15 16 17,0,70,,562,2,0,15 16 17,0,30,,559,2,0,15 16 17,0,85,,560,2,0,15 16 17,0
