100,'31',615,,65,19,4,,0,100,,22,19,4,,0,15,,31,19,4,,0,15,,23,19,4,,0,55,,32,19,4,,0,15,,24,19,4,,0,15,,25,19,4,,0,15,,26,19,4,,0,55,,27,19,4,,0,15,,28,19,4,,0,15,,29,19,4,,0,15,,30,19,4,,0,55,,10,20,4,,0,15,,57,19,4,,0,15,,36,19,4,,0,15,,45,19,4,,0,55,,11,20,4,,0,15,,58,19,4,,0,15,,37,19,4,,0,15,,47,19,4,,0,55,,12,19,4,,0,15,,56,19,4,,0,15,,40,19,4,,0,15,,49,19,4,,0,70,,59,19,4,,0,15,,41,19,4,,0,15,,46,19,4,,0,55,,61,20,4,,0,15,,60,19,4,,0,15,,38,19,4,,0,15,,48,19,4,,0,70,,33,19,4,,0,15,,4,19,4,,0,13,,62,19,4,,0,2,,50,19,4,,0,55,,5,19,4,,0,5,,3,20,4,,0,10,,6,19,4,,0,20,,51,19,4,,0,10,,42,19,4,,0,10,,54,19,4,,0,50,,52,19,4,,0,10,,34,19,4,,0,10,,55,19,4,,0,10,,53,19,4,,0,10,,43,19,4,,0,55,,7,19,4,,0,10,,64,19,4,,0,5,,35,19,4,,0,15,,8,19,4,,0,15,,44,19,4,,0,55,,13,19,4,,0,15,,14,20,4,,0,15,,18,20,4,,0,15,,15,20,4,,0,55,,19,20,4,,0,15,,16,20,4,,0,15,,20,20,4,,0,15,,17,20,4,,0,55,,21,20,4,,0,30,,1,20,4,,0,70,,2,20,4,,0,25,,9,20,4,,0
100,'32',730,,66,19,4,,0,70,,68,20,4,,0,30,,67,19,4,,0,70,,112,20,4,,0,30,,113,19,4,,0,100,,119,19,4,,0,70,,120,20,4,,0,15,,99,19,4,,0,15,,69,19,4,,0,15,,88,19,4,,0,55,,95,19,4,,0,15,,100,19,4,,0,15,,110,19,4,,0,15,,89,19,4,,0,55,,96,20,4,,0,15,,101,19,4,,0,15,,111,19,4,,0,15,,90,19,4,,0,55,,84,19,4,,0,15,,102,19,4,,0,15,,70,19,4,,0,15,,91,19,4,,0,55,,85,19,4,,0,15,,103,19,4,,0,15,,82,19,4,,0,15,,138,19,4,,0,55,,97,19,4,,0,15,,104,19,4,,0,15,,83,19,4,,0,15,,93,19,4,,0,55,,98,19,4,,0,15,,80,19,4,,0,15,,71,19,4,,0,15,,94,19,4,,0,55,,86,19,4,,0,15,,81,19,4,,0,15,,78,19,4,,0,15,,92,19,4,,0,55,,87,20,4,,0,15,,114,20,4,,0,15,,72,20,4,,0,15,,115,20,4,,0,55,,73,20,4,,0,15,,116,20,4,,0,15,,74,20,4,,0,15,,117,20,4,,0,55,,75,20,4,,0,15,,118,20,4,,0,15,,76,20,4,,0,70,,77,20,4,,0,25,,79,20,4,,0
100,'64',1015,,144,20,4,,0,15,,140,20,4,,0,15,,145,20,4,,0,55,,141,20,4,,0,15,,146,20,4,,0,15,,142,20,4,,0,15,,147,20,4,,0,55,,143,20,4,,0,15,,148,20,4,,0,15,,149,19,4,,0,15,,171,19,4,,0,55,,150,19,4,,0,15,,172,19,4,,0,15,,151,19,4,,0,15,,173,19,4,,0,55,,184,20,4,,0,15,,160,20,4,,0,15,,139,19,4,,0,15,,185,20,4,,0,55,,152,20,4,,0,15,,161,20,4,,0,15,,153,20,4,,0,15,,174,19,4,,0,55,,154,19,4,,0,15,,175,19,4,,0,15,,155,19,4,,0,15,,165,19,4,,0,55,,156,19,4,,0,15,,169,19,4,,0,15,,157,19,4,,0,15,,170,19,4,,0,55,,158,19,4,,0,15,,168,20,4,,0
101,'31',610,,257,1,,,0,20,,256,1,,,0,10,,191,1,,,0,60,,192,1,,,0,15,,193,1,,,0,15,,194,1,,,0,15,,195,1,,,0,55,,196,1,,,0,15,,197,1,,,0,15,,198,1,,,0,15,,199,1,,,0,7,,190,1,,,0,48,,200,1,,,0,15,,201,1,,,0,15,,202,1,,,0,15,,203,1,,,0,55,,204,1,,,0,15,,205,1,,,0,15,,206,1,,,0,15,,207,1,,,0,55,,208,1,,,0,15,,209,1,,,0,15,,210,1,,,0,15,,211,1,,,0,55,,212,1,,,0,15,,213,1,,,0,15,,214,1,,,0,15,,215,1,,,0,55,,216,1,,,0,15,,217,1,,,0,15,,218,1,,,0,15,,219,1,,,0,55,,220,1,,,0,15,,221,1,,,0,15,,222,1,,,0,15,,223,1,,,0,55,,224,1,,,0,3,,253,1,,,0,12,,225,1,,,0,15,,226,1,,,0,15,,227,1,,,0,5,,254,1,,,0,50,,228,1,,,0,10,,255,1,,,0,10,,229,1,,,0,10,,230,1,,,0,10,,231,1,,,0,10,,232,1,,,0,50,,233,1,,,0,10,,234,1,,,0,10,,235,1,,,0,10,,236,1,,,0,15,,237,1,,,0,55,,238,1,,,0,15,,239,1,,,0,15,,240,1,,,0,15,,241,1,,,0,55,,243,1,,,0,15,,247,1,,,0,15,,244,1,,,0,15,,248,1,,,0,55,,245,1,,,0,15,,249,1,,,0,15,,246,1,,,0,15,,250,1,,,0,55,,242,1,,,0,30,,251,1,,,0,70,,252,1,,,0
101,'32',700,,284,1,,,0,30,,285,1,,,0,70,,286,1,,,0,30,,287,1,,,0,70,,288,1,,,0,30,,283,1,,,0,15,,260,1,,,0,55,,258,1,,,0,15,,289,1,,,0,15,,259,1,,,0,15,,290,1,,,0,55,,261,1,,,0,15,,291,1,,,0,15,,294,1,,,0,15,,292,1,,,0,55,,295,1,,,0,15,,293,1,,,0,15,,262,1,,,0,15,,263,1,,,0,55,,264,1,,,0,15,,276,1,,,0,15,,296,1,,,0,15,,277,1,,,0,55,,297,1,,,0,15,,278,1,,,0,15,,298,1,,,0,15,,274,1,,,0,55,,299,1,,,0,15,,275,1,,,0,15,,300,1,,,0,15,,265,1,,,0,55,,301,1,,,0,15,,281,1,,,0,15,,302,1,,,0,15,,282,1,,,0,55,,303,1,,,0,15,,279,1,,,0,15,,304,1,,,0,15,,280,1,,,0,55,,305,1,,,0,15,,306,1,,,0,15,,266,1,,,0,15,,307,1,,,0,55,,267,1,,,0,15,,308,1,,,0,15,,269,1,,,0,15,,309,1,,,0,55,,270,1,,,0,15,,310,1,,,0,15,,271,1,,,0,15,,311,1,,,0,55,,272,1,,,0,30,,273,1,,,0,70,,268,1,,,0
101,'64',1000,,348,1,,,0,15,,326,1,,,0,15,,349,1,,,0,15,,327,1,,,0,55,,350,1,,,0,15,,328,1,,,0,15,,351,1,,,0,15,,329,1,,,0,55,,352,1,,,0,15,,330,1,,,0,15,,353,1,,,0,15,,331,1,,,0,55,,354,1,,,0,15,,332,1,,,0,15,,355,1,,,0,15,,333,1,,,0,55,,343,1,,,0,15,,334,1,,,0,15,,318,1,,,0,15,,325,1,,,0,55,,320,1,,,0,15,,336,1,,,0,15,,321,1,,,0,15,,337,1,,,0,55,,319,1,,,0,15,,338,1,,,0,15,,322,1,,,0,15,,335,1,,,0,55,,323,1,,,0,15,,339,1,,,0,15,,324,1,,,0,15,,340,1,,,0
200,'31',745,,356,52,4,,0,70,,365,52,4,,0,30,,357,52,4,,0,70,,366,52,4,,0,30,,358,52,4,,0,100,,359,49,4,,0,100,,360,49,4,,0,100,,361,49,4,,0,100,,362,49,4,,0,100,,363,49,4,,0,100,,364,52,4,,0,100,,367,52,4,,0,70,,368,52,4,,0,30,,369,52,4,,0,70,,370,52,4,,0,30,,371,52,4,,0
200,'32',745,,377,52,4,,0,100,,378,52,4,,0,100,,388,52,4,,0,100,,384,52,4,,0,100,,385,52,4,,0,100,,386,52,4,,0,100,,379,52,4,,0,100,,380,52,4,,0,100,,387,52,4,,0,100,,381,52,4,,0,100,,382,52,4,,0,100,,383,52,4,,0
301,'31',645,,456,1,,,0,70,,463,1,,,0,30,,457,1,,,0,70,,464,1,,,0,30,,455,1,,,0,100,,458,1,,,0,100,,459,1,,,0,100,,460,1,,,0,100,,461,1,,,0,100,,462,1,,,0,100,,451,1,,,0,100,,452,1,,,0,70,,465,1,,,0,30,,453,1,,,0,70,,466,1,,,0,30,,454,1,,,0,70,,468,1,,,0,30,,467,1,,,0
301,'32',645,,469,1,,,0,100,,470,1,,,0,100,,471,1,,,0,100,,476,1,,,0,100,,479,1,,,0,100,,480,1,,,0,100,,477,1,,,0,100,,472,1,,,0,100,,473,1,,,0,100,,478,1,,,0,100,,474,1,,,0,100,,475,1,,,0
400,'31',645,,488,1,,,0,70,,481,1,,,0,30,,482,1,,,0,70,,482,19,4,,0,30,,484,1,,,0,70,,484,21,4,,0,330,,483,1,,,0,70,,483,22,4,,0,230,,485,1,,,0,70,,485,20,4,,0
1000,'31',1115,,517,1,,,0,100,,518,1,,,0,600,,529,1,,,0
2301,'31',1815,,592,1,,,0
